Some((
    red: 1.0,
    green: 0.57942337,
    blue: 0.55913633,
    alpha: 1.0,
))