Some((
    red: 0.972881,
    green: 0.5089516,
    blue: 0.4917742,
    alpha: 1.0,
))