Some((
    red: 0.94497997,
    green: 0.48405725,
    blue: 0.468031,
    alpha: 1.0,
))