Some((
    red: 0.69411767,
    green: 0.25882354,
    blue: 0.25882354,
))