Some((
    red: 0.07058824,
    green: 0.07058824,
    blue: 0.07058824,
    alpha: 1.0,
))