Some((
    red: 0.3254902,
    green: 0.3254902,
    blue: 0.3254902,
))