Some((
    red: 0.19607843,
    green: 0.19607843,
    blue: 0.19607843,
))