Some((
    red: 0.09803922,
    green: 0.09803922,
    blue: 0.09803922,
    alpha: 1.0,
))