Some((
    red: 0.7058824,
    green: 0.7058824,
    blue: 0.7058824,
))