Some((
    red: 0.8352941,
    green: 0.8352941,
    blue: 0.8352941,
))